{
    "": [
        "2022-07-12-how-to-learn-math.md", 
        "2022-06-28-operational-thinking.md", 
        "2022-06-15-resource.md", 
        "2022-05-26-cao-zheng.md", 
        "2022-05-21-test.md", 
        "2022-05-21-government-procurement.md", 
        "2022-05-21-be-curious-about-everything.md", 
        "2022-05-20-be-initiative.md", 
        "2022-05-19-corporate-compliance.md", 
        "2022-05-18-how-to-get-rich-without-getting-lucky.md", 
        "2020-07-11-blog_info.md", 
        "2020-07-10-releasenode.md", 
        "2016-11-20-markdowntool.md", 
        "2016-10-14-jekyll_tutorials1.md", 
        "2016-06-12-hexo_advanced.md", 
        "2022-06-07-markdown-tutorial.md", 
        "2022-06-07-quality-educational-resources.md", 
        "2022-06-10-digital-transformation.md", 
        "2022-06-10-education.md", 
        "2022-06-08-obsidian-test.md", 
        "2022-06-07-learn-enough-python-to-be-dangerous.md", 
        "2022-06-07-mac-operation.md", 
        "2022-06-07-search-method.md", 
        "2022-06-02-cooperative-mechanism.md", 
        "2022-07-13-invest.md"
    ], 
    "__positions": {
        "2022-05-19-corporate-compliance.md": 9, 
        "2022-06-07-mac-operation.md": 22, 
        "2022-05-21-test.md": 5, 
        "2020-07-11-blog_info.md": 11, 
        "2016-10-14-jekyll_tutorials1.md": 14, 
        "2022-05-21-government-procurement.md": 6, 
        "2022-06-10-digital-transformation.md": 18, 
        "2022-06-07-quality-educational-resources.md": 17, 
        "2016-06-12-hexo_advanced.md": 15, 
        "2022-06-10-education.md": 19, 
        "2020-07-10-releasenode.md": 12, 
        "2022-05-26-cao-zheng.md": 4, 
        "2022-06-15-resource.md": 3, 
        "2016-11-20-markdowntool.md": 13, 
        "2022-06-28-operational-thinking.md": 2, 
        "2022-05-18-how-to-get-rich-without-getting-lucky.md": 10, 
        "2022-05-21-be-curious-about-everything.md": 7, 
        "2022-05-20-be-initiative.md": 8, 
        "2022-07-12-how-to-learn-math.md": 1, 
        "2022-06-07-learn-enough-python-to-be-dangerous.md": 21, 
        "2022-06-07-search-method.md": 23, 
        "2022-06-07-markdown-tutorial.md": 16, 
        "2022-06-08-obsidian-test.md": 20, 
        "2022-06-02-cooperative-mechanism.md": 24, 
        "2022-07-13-invest.md": 25
    }, 
    "__raw_positions": {
        "2020-07-10-releasenode.md": 12, 
        "2022-06-07-mac-operation.md": 22, 
        "2022-05-21-test.md": 5, 
        "2020-07-11-blog_info.md": 11, 
        "2016-10-14-jekyll_tutorials1.md": 14, 
        "2022-05-21-government-procurement.md": 6, 
        "2022-06-10-digital-transformation.md": 18, 
        "2022-06-07-quality-educational-resources.md": 17, 
        "2016-06-12-hexo_advanced.md": 15, 
        "2022-06-10-education.md": 19, 
        "2022-05-19-corporate-compliance.md": 9, 
        "2022-05-26-cao-zheng.md": 4, 
        "2022-06-15-resource.md": 3, 
        "2016-11-20-markdowntool.md": 13, 
        "2022-06-28-operational-thinking.md": 2, 
        "2022-05-18-how-to-get-rich-without-getting-lucky.md": 10, 
        "2022-05-21-be-curious-about-everything.md": 7, 
        "2022-05-20-be-initiative.md": 8, 
        "2022-07-12-how-to-learn-math.md": 1, 
        "2022-06-07-learn-enough-python-to-be-dangerous.md": 21, 
        "2022-06-07-search-method.md": 23, 
        "2022-06-07-markdown-tutorial.md": 16, 
        "2022-06-08-obsidian-test.md": 20, 
        "2022-06-02-cooperative-mechanism.md": 24, 
        "2022-07-13-invest.md": 25
    }
}