{
    "": [
        "2022-05-26-cao-zheng.md", 
        "2022-05-21-test.md", 
        "2022-05-21-government-procurement.md", 
        "2022-05-21-be-curious-about-everything.md", 
        "2022-05-20-be-initiative.md", 
        "2022-05-19-corporate-compliance.md", 
        "2022-05-18-how-to-get-rich-without-getting-lucky.md", 
        "2020-07-11-blog_info.md", 
        "2020-07-10-releasenode.md", 
        "2016-11-20-markdowntool.md", 
        "2016-10-14-jekyll_tutorials1.md", 
        "2016-06-12-hexo_advanced.md", 
        "2022-06-02-cooperative-mechanism.md"
    ], 
    "__positions": {
        "2022-05-19-corporate-compliance.md": 6, 
        "2020-07-10-releasenode.md": 9, 
        "2022-05-26-cao-zheng.md": 1, 
        "2022-05-21-government-procurement.md": 3, 
        "2022-05-21-test.md": 2, 
        "2016-06-12-hexo_advanced.md": 12, 
        "2016-11-20-markdowntool.md": 10, 
        "2022-05-18-how-to-get-rich-without-getting-lucky.md": 7, 
        "2022-05-21-be-curious-about-everything.md": 4, 
        "2022-05-20-be-initiative.md": 5, 
        "2022-06-02-cooperative-mechanism.md": 13, 
        "2016-10-14-jekyll_tutorials1.md": 11, 
        "2020-07-11-blog_info.md": 8
    }, 
    "__raw_positions": {
        "2022-05-19-corporate-compliance.md": 6, 
        "2020-07-10-releasenode.md": 9, 
        "2022-05-26-cao-zheng.md": 1, 
        "2022-05-21-government-procurement.md": 3, 
        "2016-06-12-hexo_advanced.md": 12, 
        "2022-05-21-test.md": 2, 
        "2016-11-20-markdowntool.md": 10, 
        "2022-05-18-how-to-get-rich-without-getting-lucky.md": 7, 
        "2022-05-21-be-curious-about-everything.md": 4, 
        "2022-05-20-be-initiative.md": 5, 
        "2022-06-02-cooperative-mechanism.md": 13, 
        "2016-10-14-jekyll_tutorials1.md": 11, 
        "2020-07-11-blog_info.md": 8
    }
}